[xyq_md5]
time = 2025-02-14 03:16:58.956310
json = d9ab8fa985abf8ab6f4bd79331944815
js = 838896c4a6b491fc70a4362f0f6e27f6

[xyq_zyw_md5]
time = 2024-10-24 15:36:57.016615
txt = 93144ad9ef4fc79fe6f2cceccab3dfca
js = 2289dac4e3bf696f9fe6e96d3060754a

[yuanfen_md5]
time = 2025-01-31 03:16:32.594979
json = 5d2b5622a54e3e8a4126ae3b80c2603a
js = 4f12ecb1ac9a9c066f42d240185709dd

[xixifree_md5]
time = 2025-02-14 03:17:00.255172
ying = 0136287f17d07d8d06f3f53e95b73efb
ting = 9cbeb52e3cbf778dd44c9cdaf2ada0a6

